
location of png images in bundle, from start to finish:

65601, 66851, 69604, 72900, 74948, 75461, 75655, 77016, 79845, 99987, 115538,
118545, 119922, 120631, 124335, 144444, 159958, 162379, 164879, 165073, 165267,
168139, 170911, 172960

#=========one===============

# 188 076 000 000 000  19644 #
# 192 076 000 000 000  19648 #

  060 000 001 000 000  65596
  130 039 001 000 000  75650
  109 212 001 000 000  119917
  010 132 002 000 000  164874

# 212 076 000 000 000  19668 #
# 216 076 000 000 000  19672 #

#=========two===============

# 188 078 000 000 000  20156 #
# 192 078 000 000 000  20160 #

  030 005 001 000 000  66846
  211 044 001 000 000  77011
  050 215 001 000 000  120626
  204 132 002 000 000  165068

# 212 078 000 000 000  20180 #
# 216 078 000 000 000  20184 #

#=========three===============

# 188 080 000 000 000  20668 #
# 192 080 000 000 000  20672 #

  223 015 001 000 000  69599
  224 055 001 000 000  79840
  170 229 001 000 000  124330
  142 133 002 000 000  165262

# 212 080 000 000 000  20692 #
# 216 080 000 000 000  20696 #

#=========four================

# 188 082 000 000 000  21180 #
# 192 082 000 000 000  21184 #

  191 028 001 000 000  72895
  142 134 001 000 000  99982
  055 052 002 000 000  144439
  198 144 002 000 000  168134

# 212 082 000 000 000  21204 #
# 216 082 000 000 000  21208 #

#=========five================

# 188 084 000 000 000  21692 #
# 192 084 000 000 000  21696 #

  191 036 001 000 000  74943
  077 195 001 000 000  115533
  209 112 002 000 000  159953
  154 155 002 000 000  170906

# 212 084 000 000 000  21716 #
# 216 084 000 000 000  21720 #

#==========six================

# 188 086 000 000 000  22204 #
# 192 086 000 000 000  22208 #

  192 038 001 000 000  75456
  012 207 001 000 000  118540
  070 122 002 000 000  162374
  155 163 002 000 000  172955

# 212 086 000 000 000  22228 #
# 216 086 000 000 000  22232 #

#=============================

index:

196 - 60 = 136 / 4 = 34
208 - 60 = 148 / 4 = 37

65601   196 x 076 -> 196 - 60 = 136 / 4 = 34, 076 / 2 = 38
66851   196 x 078   34, 39
69604   196 x 080   34, 40
72900   196 x 082   34, 41
74948   196 x 084   34, 42
75461   196 x 086   34, 43
75655   200 x 076   35, 38
77016   200 x 078   35, 39
79845   200 x 080   35, 40
99987   200 x 082   35, 41
115538  200 x 084   35, 42
118545  200 x 086   35, 43
119922  204 x 076   36, 38
120631  204 x 078   36, 39
124335  204 x 080   36, 40
144444  204 x 082   36, 41
159958  204 x 084   36, 42
162379  204 x 086   36, 43
164879  208 x 076   36, 38
165073  208 x 078   36, 39
165267  208 x 080   36, 40
168139  208 x 082   36, 41
170911  208 x 084   36, 42
172960  208 x 086   36, 43

bundle name: R0480C0380

0480 x 0380
1152 x 896

tile names:
1186 x 934
1186 x 935
1186 x 936
1186 x 937
1186 x 938
1186 x 939
1187 x 934
1187 x 935
1187 x 936
1187 x 937
1187 x 938
1187 x 939
1188 x 934
1188 x 935
1188 x 936
1188 x 937
1188 x 938
1188 x 939
1189 x 934
1189 x 935
1189 x 936
1189 x 937
1189 x 938
1189 x 939

bundles:

L06

R 12880 C ea00 = 75904 x 59904

R 12900 C ea00 =  x 59904

R 12880 C e980

R 12900 C e980
